% author: Fudi Zheng
% Refer to week4's lecture
% After working out the balance equation, we need to solve
% the set of linear equations
% 
% We put the linear equations in standard form A x = b
% where x is the unknown vector  
% 
A=[5,-5,-2.50000000000000,0,0,0,0,0,0,0,0,0;
    -2.50000000000000,10,0,-5,-2.50000000000000,0,0,0,0,0,0,0;
    -2.50000000000000,0,7.50000000000000,0,-5,-2.50000000000000,0,0,0,0,0,0;
    0,-2.50000000000000,0,10,0,0,-5,-2.50000000000000,0,0,0,0;
    0,-2.50000000000000,-2.50000000000000,0,12.5000000000000,0,0,-5,-2.50000000000000,0,0,0;
    0,0,-2.50000000000000,0,0,7.50000000000000,0,0,-5,0,0,0;
    0,0,0,-2.50000000000000,0,0,10,0,0,-5,-2.50000000000000,0;
    0,0,0,-2.50000000000000,-2.50000000000000,0,0,12.5000000000000,0,0,-5,-2.50000000000000;
    0,0,0,0,-2.50000000000000,-5,0,0,12.5000000000000,0,0,-5;
    0,0,0,0,0,0,-2.50000000000000,0,0,5,0,0;
    0,0,0,0,0,0,-2.50000000000000,-2.50000000000000,0,0,7.50000000000000,0;
    1,1,1,1,1,1,1,1,1,1,1,1]
b=[0 0 0 0 0 0 0 0 0 0 0 1]';
x = A\b